0.0~0.7
0~6 61 65
7 66 68
x		y
0.480315	0.5
0.480315	0.5
0.480315	0.5
0.480315	0.5
0.480315	0.5
0.476563	0.511278
0.455224	0.507576
0.485294	0.496241



1.0~1.7
0 46 49
1 43 47
2~7 40 47
x		y
0.46		0.461538
0.443299	0.47191
0.425532	0.47191
0.425532	0.47191
0.425532	0.47191
0.425532	0.47191
0.425532	0.48913
0.421053	0.477778



2.0~2.7
0 33 42
1 33 42
2 33 41
3 34 41
4~7 33 41

x		y
0.589286	0.493976
0.578947	0.487805
0.589286	0.5
0.576271	0.5
0.589286	0.5
0.589286	0.5
0.589286	0.5
0.589286	0.511905



3.0~3.7
0~4 3 50
 5  1 50
 6  0 59
 7  0 50


x		y
0.083333	0.468085
0.083333	0.468085
0.083333	0.468085
0.083333	0.468085
0.083333	0.468085
0.029412	0.468085
0		0.427184
0		0.468085


4.0~4.7
0~3 12 53
 4  13 53
 5  12 53
 6  12 59
 7  12 53

x		y
0.444444	0.453608
0.444444	0.453608
0.444444	0.453608
0.444444	0.453608
0.464286	0.453608
0.4		0.453608
0.444444	0.427184
0.444444	0.453608

5.0~5.7
0~6 30 50
 7  30 53

x		y
0.882353	0.462366
0.882353	0.462366
0.882353	0.462366
0.882353	0.462366
0.882353	0.462366
0.967742	0.462366
0.967742	0.462366
0.967742	0.447917

6.0~6.7
0~6 17 52
 7  17 56

x		y
0.5		0.458333
0.5		0.458333
0.5		0.458333
0.5		0.458333
0.5		0.458333
0.5		0.458333
0.5		0.458333
0.447368	0.44

7.0~7.7
0~5 6 50
 6  8 50
 7  6 53

x		y
0.315789	0.468085
0.315789	0.468085
0.315789	0.468085
0.315789	0.468085
0.272727	0.468085
0.285714	0.468085
0.380952	0.468085
0.315789	0.453608


10.0~10.7
0~4 39 14
 5  39 18
 6  59 15
 7  39 14


x		y
0.46988		0.461538
0.46988		0.461538
0.46988		0.461538
0.46988		0.461538
0.46988		0.481481
0.46988		0.4
0.572816	0.444444
0.46988		0.461538




